100 62.5979223052 0.0 0.0 0.0 0.0 0.0 0.0 0.0 0.0 62.5979223052 62.5979223052
200 62.6960628229 0.0 0.0 0.0 0.0 0.0 0.0 0.0 0.0 62.5959651667 62.5959651667
300 62.7943025225 0.0 0.0 0.0 0.0 0.0 0.0 0.0 0.0 62.59410721 62.59410721
400 62.8926375893 0.0 0.0 0.0 0.0 0.0 0.0 0.0 0.0 62.6025985268 62.6025985268
500 62.9910718381 0.0 0.0 0.0 0.0 0.0 0.0 0.0 0.0 62.6009351193 62.6009351193
600 63.0906047174 0.0 0.0 0.0 0.0 0.0 0.0 0.0 0.0 62.6003703424 62.6003703424
700 63.1892297007 0.0 0.0 0.0 0.0 0.0 0.0 0.0 0.0 62.5988976694 62.5988976694
800 63.2879500511 0.0 0.0 0.0 0.0 0.0 0.0 0.0 0.0 62.5980086449 62.5980086449
900 63.3867657689 0.0 0.0 0.0 0.0 0.0 0.0 0.0 0.0 62.5967267064 62.5967267064
1000 63.4730349727 3.21011529843e-07 3.02419e-05 6.46836e-06 0.0114541 0.00280767 0.0 7.76203e-06 0.0 62.5829288169 62.5971983487
1100 63.270074416 0.000187872458425 0.0140733 0.00282947 0.240208 0.0584843 0.0 0.00285641 0.0 62.2941012136 62.5956499246
1200 63.0386677194 0.000777665067275 0.0536333 0.010693 0.468259 0.113208 0.0 0.0107452 0.0 62.0130005582 62.6052127686
1300 62.7770105348 0.00185658369219 0.118573 0.0234559 0.695496 0.166917 0.0 0.0235328 0.0 61.7172643398 62.6032101591
1400 62.4874412669 0.00351556385878 0.208731 0.0409655 0.921809 0.219552 0.0 0.0410667 0.0 61.4194143889 62.6018421007
1500 62.1691664603 0.00584907724744 0.32392 0.0630581 1.14709 0.271055 0.0 0.063183 0.0 61.1190527365 62.6003807099
1600 61.8231931929 0.00895468268038 0.463929 0.0895597 1.37122 0.321376 0.0 0.0897077 0.0 60.8160964044 62.5984000953
1700 61.4495519823 0.0129325008568 0.628524 0.120287 1.59411 0.370464 0.0 0.120457 0.0 60.5109303636 62.5959613738
1800 61.0490591721 0.0178848291585 0.817444 0.155046 1.81564 0.418276 0.0 0.155239 0.0 60.2144661528 62.6036211383
1900 60.6219321996 0.0239156178753 1.03041 0.193638 2.03571 0.464769 0.0 0.193852 0.0 59.9062383376 62.6005694471
2000 60.1688996704 0.0311297769299 1.26711 0.235853 2.25423 0.509905 0.0 0.236088 0.0 59.59702225 62.5972452459
2100 59.6904689383 0.0396330507084 1.52723 0.281475 2.47108 0.553652 0.0 0.281731 0.0 59.2973710759 62.6038341387
2200 59.1871168395 0.0495312044582 1.8104 0.330285 2.68617 0.595979 0.0 0.330559 0.0 58.9869894594 62.5996975213
2300 58.6594613537 0.060929633879 2.11627 0.382054 2.89941 0.636861 0.0 0.382347 0.0 58.6867587091 62.6053767325
2400 58.1082425306 0.0739338628199 2.44443 0.436551 3.1107 0.676276 0.0 0.436863 0.0 58.3766065062 62.6004454316
2500 57.5340249443 0.0886470905538 2.79447 0.493541 3.31994 0.714206 0.0 0.49387 0.0 58.0768100754 62.6048261359
2600 56.9373731688 0.105169738783 3.16595 0.552784 3.52706 0.750637 0.0 0.55313 0.0 57.7685515612 62.599378559
2700 56.3190310686 0.123602974265 3.55844 0.614041 3.73195 0.785559 0.0 0.614403 0.0 57.4708005754 62.602712628
2800 55.6797272495 0.144044464974 3.97143 0.677067 3.93453 0.818967 0.0 0.677444 0.0 57.1653189652 62.5962599509
2900 55.0201674289 0.166585668092 4.40446 0.741619 4.13473 0.850858 0.0 0.742011 0.0 56.8709982065 62.5985970525
3000 54.3409695866 0.191319888539 4.857 0.807453 4.33246 0.881235 0.0 0.807859 0.0 56.5792307555 62.6007846891
3100 53.6428890311 0.218333493271 5.32853 0.874324 4.52764 0.910102 0.0 0.874744 0.0 56.2898500153 62.602335889
3200 52.926764994 0.247708796137 5.8185 0.941991 4.7202 0.937469 0.0 0.942423 0.0 56.0027394571 62.6028315106
3300 52.1933298959 0.279523521434 6.32635 1.01021 4.91006 0.963349 0.0 1.01066 0.0 55.7191255045 62.6031944704
3400 51.4433161571 0.313850815836 6.85151 1.07875 5.09716 0.987758 0.0 1.0792 0.0 55.4387551458 62.6028730185
3500 50.6774867154 0.35075865234 7.39337 1.14737 5.28143 1.01072 0.0 1.14783 0.0 55.161361613 62.6013414047
3600 49.8967647258 0.39031266745 7.95134 1.21583 5.4628 1.03225 0.0 1.21631 0.0 54.8883199356 62.5996800325
3700 49.1017986855 0.432564335631 8.52478 1.28392 5.64122 1.05238 0.0 1.2844 0.0 54.6192018883 62.5972019332
3800 48.2935079347 0.477567801634 9.11308 1.3514 5.81662 1.07114 0.0 1.3519 0.0 54.3641362298 62.6037961352
3900 47.4727126315 0.525368245688 9.71557 1.41807 5.98896 1.08856 0.0 1.41857 0.0 54.1032997645 62.5993895806
4000 46.6401795286 0.575997949602 10.3316 1.48371 6.15817 1.10467 0.0 1.48422 0.0 53.8578362612 62.6048965601
4100 45.7968699278 0.629495489425 10.9605 1.54811 6.32421 1.11952 0.0 1.54863 0.0 53.6065917433 62.5989518583
4200 44.9434590292 0.685879461768 11.6016 1.61108 6.48704 1.13315 0.0 1.61161 0.0 53.3705866217 62.6023867011
4300 44.0808547287 0.745171562679 12.2542 1.67243 6.6466 1.14559 0.0 1.67296 0.0 53.1402848668 62.6054346271
4400 43.2099191463 0.807379421535 12.9176 1.73198 6.80287 1.15689 0.0 1.73251 0.0 52.9046248084 62.5968946105
4500 42.3315105871 0.872502561501 13.5911 1.78955 6.95581 1.16711 0.0 1.79009 0.0 52.6847613252 62.5977713263
4600 41.4464759122 0.940541650147 14.2739 1.84498 7.10538 1.17628 0.0 1.84552 0.0 52.4709761881 62.5981562876
4700 40.5556352798 1.01148562487 14.9655 1.8981 7.25156 1.18447 0.0 1.89865 0.0 52.2626012513 62.5972815701
4800 39.6598889566 1.08530711529 15.6649 1.94878 7.39432 1.19172 0.0 1.94933 0.0 52.0697638667 62.605133859
4900 38.7599922513 1.16198390081 16.3716 1.99688 7.53363 1.19808 0.0 1.99743 0.0 51.8736534745 62.6027932793
5000 37.8569140948 1.24148708518 17.0847 2.04227 7.66948 1.20362 0.0 2.04282 0.0 51.6831008107 62.5990205915
5100 36.9514441281 1.32376469325 17.8035 2.08482 7.80184 1.20838 0.0 2.08538 0.0 51.5083955431 62.6039954329
5200 36.0443796211 1.40877228389 18.5273 2.12444 7.93072 1.21243 0.0 2.125 0.0 51.3305494422 62.5986992949
5300 35.1365865084 1.49645215991 19.2553 2.16103 8.05609 1.21582 0.0 2.16159 0.0 51.1681243464 62.6016247555
5400 34.2288773188 1.58673966233 19.9868 2.19449 8.17796 1.21862 0.0 2.19505 0.0 51.0123771588 62.6040074984
5500 33.3221790221 1.67956736652 20.721 2.22476 8.29631 1.22087 0.0 2.22532 0.0 50.8623954975 62.604896041
5600 32.417216409 1.77484896511 21.4572 2.25177 8.41116 1.22264 0.0 2.25233 0.0 50.7190886895 62.6052192609
5700 31.5147791204 1.87251417246 22.1946 2.27546 8.52249 1.22399 0.0 2.27602 0.0 50.5818924445 62.6043920058
5800 30.6157655157 1.97245617726 22.9325 2.29579 8.63033 1.22497 0.0 2.29635 0.0 50.4504100322 62.6020601033
5900 29.7208393508 2.07459048413 23.6701 2.31272 8.73468 1.22565 0.0 2.31328 0.0 50.3253923746 62.5990026088
6000 28.8308684676 2.17880761149 24.4068 2.32624 8.83555 1.22608 0.0 2.3268 0.0 50.216280083 62.60471044
6100 27.9466425069 2.28499025763 25.1417 2.33632 8.93296 1.22632 0.0 2.33689 0.0 50.1033139779 62.599483545
6200 27.0689320358 2.39303504447 25.8741 2.34297 9.02694 1.22642 0.0 2.34354 0.0 50.0059886867 62.6028890306
6300 26.1984370501 2.5028185668 26.6033 2.3462 9.11749 1.22645 0.0 2.34676 0.0 49.9144189927 62.6051188085
6400 25.3358995067 2.61420368653 27.3285 2.34602 9.20466 1.22645 0.0 2.34658 0.0 49.8186430034 62.596333414
6500 24.4820251232 2.72706814286 28.0491 2.34245 9.28847 1.22648 0.0 2.34302 0.0 49.7381746107 62.5961448484
6600 23.6375749302 2.84127746799 28.7644 2.33554 9.36894 1.22659 0.0 2.33611 0.0 49.6729403804 62.6045808862
6700 22.8032775335 2.95669128134 29.4736 2.32534 9.44613 1.22684 0.0 2.3259 0.0 49.6036863899 62.6025562858
6800 21.9796765262 3.0731640525 30.176 2.31189 9.52005 1.22726 0.0 2.31245 0.0 49.5388997675 62.598659742
6900 21.1676283061 3.19054471977 30.871 2.29526 9.59076 1.22792 0.0 2.29582 0.0 49.4889389408 62.603439225
7000 20.3676535784 3.30868508246 31.5579 2.27552 9.6583 1.22884 0.0 2.27609 0.0 49.4339451672 62.5971754672
7100 19.5804466166 3.42743293447 32.2359 2.25275 9.72272 1.23009 0.0 2.25332 0.0 49.3936827737 62.5998129207
7200 18.8066292151 3.54663206424 32.9046 2.22705 9.78406 1.23169 0.0 2.22761 0.0 49.3579571717 62.6013168566
7300 18.0468060021 3.66612072895 33.5632 2.1985 9.84238 1.23369 0.0 2.19906 0.0 49.3259333228 62.6010628795
7400 17.3014786094 3.78573680429 34.211 2.1672 9.89772 1.23613 0.0 2.16777 0.0 49.2982139488 62.5998341938
7500 16.5713546618 3.90532770268 34.8475 2.13327 9.95016 1.23904 0.0 2.13384 0.0 49.2738892431 62.5969293708
7600 15.8569195785 4.02471489664 35.4721 2.09682 9.99974 1.24245 0.0 2.09739 0.0 49.2634017481 62.6029813303
7700 15.1586988332 4.14375037624 36.0842 2.05796 10.0465 1.24639 0.0 2.05854 0.0 49.2465143034 62.5979446003
7800 14.4772178992 4.26226743952 36.6832 2.01683 10.0906 1.2509 0.0 2.01741 0.0 49.2425103936 62.6014204774
7900 13.8129564737 4.38009671428 37.2685 1.97355 10.132 1.25599 0.0 1.97413 0.0 49.241339626 62.6034596583
8000 13.1664047445 4.49707607622 37.8396 1.92827 10.1708 1.2617 0.0 1.92885 0.0 49.2428265238 62.6041768217
8100 12.5380443159 4.61304149367 38.3959 1.8811 10.2071 1.26804 0.0 1.88169 0.0 49.2466935672 62.6035234488
8200 11.9282843135 4.72782779059 38.937 1.83221 10.2409 1.27502 0.0 1.8328 0.0 49.2527803475 62.6015004212
8300 11.3375414922 4.84127970911 39.4624 1.78173 10.2724 1.28268 0.0 1.78232 0.0 49.2613369178 62.5987368774
8400 10.7662526337 4.95324962075 39.9715 1.7298 10.3016 1.29101 0.0 1.7304 0.0 49.2808464012 62.6038568458
8500 10.2147238671 5.06359104142 40.4639 1.67659 10.3285 1.30003 0.0 1.67719 0.0 49.2920211158 62.597740849
8600 9.68333093918 5.17204457224 40.9392 1.62223 10.3533 1.30975 0.0 1.62284 0.0 49.3145963977 62.6004865
8700 9.17244196751 5.27866819649 41.3969 1.56689 10.3761 1.32018 0.0 1.5675 0.0 49.3377564348 62.601536075
8800 8.68237833968 5.38305832002 41.8366 1.5107 10.3968 1.33131 0.0 1.51132 0.0 49.3619988545 62.6014289245
8900 8.21335272464 5.48522257221 42.258 1.45384 10.4157 1.34315 0.0 1.45446 0.0 49.386262217 62.5995722203
9000 7.76573753145 5.58507130785 42.6607 1.39644 10.4328 1.3557 0.0 1.39706 0.0 49.4114129348 62.5969732804
9100 7.33970871266 5.68240768896 43.0442 1.33866 10.4481 1.36894 0.0 1.33929 0.0 49.4462001113 62.60253022
9200 6.93550468638 5.77703792932 43.4084 1.28065 10.4618 1.38289 0.0 1.28128 0.0 49.4710417612 62.5970114096
9300 6.5533548108 5.86887390959 43.7528 1.22255 10.474 1.39752 0.0 1.2232 0.0 49.5051068332 62.59982672
9400 6.19342788595 5.9578317066 44.0772 1.16453 10.4847 1.41283 0.0 1.16518 0.0 49.5385200296 62.6012301955
9500 5.85590892426 6.04371944148 44.3813 1.10671 10.494 1.4288 0.0 1.10737 0.0 49.5709693081 62.6011397488
9600 5.5409028297 6.12645738721 44.6649 1.04925 10.5021 1.44543 0.0 1.04991 0.0 49.6022814816 62.5997214621
9700 5.24857411075 6.20608140187 44.9277 0.992275 10.509 1.46268 0.0 0.992949 0.0 49.6323555554 62.596984371
9800 4.97899620019 6.28218331369 45.1695 0.935931 10.5148 1.48056 0.0 0.936613 0.0 49.6704240512 62.6023970913
9900 4.73222631836 6.35502824358 45.3902 0.880345 10.5196 1.49902 0.0 0.881035 0.0 49.697182693 62.5968375583
10000 4.50832931498 6.42421183445 45.5895 0.825645 10.5235 1.51806 0.0 0.826345 0.0 49.7320025142 62.5999079521
10100 4.30738720587 6.48978176993 45.7674 0.771956 10.5266 1.53764 0.0 0.772665 0.0 49.7642748413 62.6011797247
10200 4.12935564528 6.55167663351 45.9237 0.719395 10.529 1.55775 0.0 0.720113 0.0 49.7946721103 62.6015353587
10300 3.9742637202 6.60984149366 46.0582 0.668077 10.5308 1.57836 0.0 0.668804 0.0 49.82199355 62.5999573672
10400 3.84204824985 6.6642221818 46.1711 0.61811 10.532 1.59943 0.0 0.618847 0.0 49.8472929231 62.5975694886
10500 3.73270851896 6.71465314039 46.262 0.569597 10.5328 1.62094 0.0 0.570344 0.0 49.8792845719 62.603368234
10600 3.64611888121 6.76108706728 46.3311 0.522635 10.5333 1.64286 0.0 0.523392 0.0 49.8979743811 62.5975268575
10700 3.58221687105 6.80371393402 46.3783 0.477317 10.5335 1.66516 0.0 0.478084 0.0 49.923898487 62.6006421433
10800 3.54088995513 6.84214616815 46.4036 0.433728 10.5336 1.6878 0.0 0.434506 0.0 49.9463028774 62.6022087798
10900 3.52201153346 6.87669886302 46.4071 0.391947 10.5336 1.71076 0.0 0.392736 0.0 49.9654790427 62.6025748815
11000 3.52543378681 6.9069890238 46.3887 0.352048 10.5336 1.734 0.0 0.352847 0.0 49.9807893572 62.6012361882
11100 3.55096407336 6.93334089911 46.3486 0.314098 10.5338 1.75748 0.0 0.314908 0.0 49.9925714214 62.5987595697
11200 3.59844670609 6.9556148713 46.2868 0.278157 10.5341 1.78117 0.0 0.278977 0.0 50.0107838369 62.605030433
11300 3.66765351889 6.97367284862 46.2035 0.244278 10.5348 1.80503 0.0 0.24511 0.0 50.0147470828 62.5996866521
11400 3.7583401332 6.98773379425 46.0987 0.212509 10.5359 1.82904 0.0 0.213352 0.0 50.0244629045 62.6027550657
11500 3.87029626427 6.99766800873 45.9726 0.182891 10.5374 1.85315 0.0 0.183745 0.0 50.0305047088 62.6047999614
11600 4.00324868496 7.00358382926 45.8255 0.155457 10.5395 1.87733 0.0 0.156322 0.0 50.0320400338 62.6051922182
11700 4.15688816699 7.00535994871 45.6574 0.130234 10.5423 1.90154 0.0 0.13111 0.0 50.0296072771 62.60455754
11800 4.33094720528 7.00311004482 45.4685 0.107243 10.5458 1.92575 0.0 0.10813 0.0 50.0222820426 62.6019622693
11900 4.52510584271 6.99695771354 45.2592 0.0864979 10.5501 1.94992 0.0 0.0873963 0.0 50.0112450748 62.5986617609
12000 4.73901265104 6.98690600662 45.0297 0.0680061 10.5553 1.97403 0.0 0.0689156 0.0 50.0056198906 62.6038652654
12100 4.97232335452 6.97284658687 44.7801 0.0517685 10.5615 1.99802 0.0 0.0526891 0.0 49.9850373425 62.5972460926
12200 5.22469701528 6.9550251203 44.5109 0.0377798 10.5688 2.02188 0.0 0.0387114 0.0 49.9704058819 62.5997971647
12300 5.49573118357 6.93334089911 44.2222 0.0260282 10.5772 2.04557 0.0 0.0269708 0.0 49.9510752565 62.6008158891
12400 5.78504677463 6.9079289633 43.9144 0.0164961 10.5868 2.06906 0.0 0.0174495 0.0 49.92719815 62.6005073589
12500 6.09218650253 6.8789266417 43.5879 0.00915975 10.5977 2.09231 0.0 0.0101238 0.0 49.8988551486 62.598989019
12600 6.41682754918 6.84624085589 43.2429 0.00398955 10.6099 2.11529 0.0 0.00496421 0.0 49.8658325347 62.5959871459
12700 6.75840629421 6.81013100476 42.8799 0.000950381 10.6236 2.13799 0.0 0.00193549 0.0 49.8380876225 62.6016131165
12800 7.11654556018 6.77062531699 42.4992 1.62744e-06 10.6388 2.16035 0.0 0.000997042 0.0 49.7960377595 62.5961845532
12900 7.49072845666 6.72775431012 42.1013 0.00109744 10.6555 2.18237 0.0 0.002103 0.0 49.7597234589 62.5996968183
13000 7.88056016328 6.68166675704 41.6865 0.00418694 10.6739 2.20402 0.0 0.00520247 0.0 49.7184540321 62.6015761759
13100 8.28549708679 6.63239622701 41.2552 0.00921442 10.6939 2.22526 0.0 0.0102397 0.0 49.6730927462 62.6024925737
13200 8.70504141021 6.58009607054 40.8079 0.0161196 10.7157 2.24608 0.0 0.0171545 0.0 49.6228221121 62.6017566832
13300 9.13864858659 6.52480443455 40.3451 0.0248379 10.7393 2.26645 0.0 0.0258822 0.0 49.5686120177 62.6002439196
13400 9.58582747467 6.46667543248 39.8672 0.0353007 10.7647 2.28635 0.0 0.0363542 0.0 49.5095456012 62.596949748
13500 10.0461088676 6.40586165191 39.3747 0.0474354 10.7921 2.30577 0.0 0.0484978 0.0 49.456551971 62.6029196438
13600 10.5188271021 6.34229519138 38.868 0.061166 10.8214 2.32469 0.0 0.0622371 0.0 49.3887902928 62.5971171838
13700 11.0035253691 6.27635637542 38.3478 0.0764131 10.8528 2.34308 0.0 0.0774927 0.0 49.3273899843 62.6007630964
13800 11.4995799669 6.20786438776 37.8144 0.0930944 10.8861 2.36094 0.0 0.0941822 0.0 49.2615901676 62.6028121633
13900 12.0064577925 6.13720031588 37.2684 0.111125 10.9216 2.37825 0.0 0.112221 0.0 49.1918415495 62.6039127776
14000 12.5236038087 6.06429549536 36.7103 0.130417 10.9593 2.39499 0.0 0.131521 0.0 49.1180239683 62.6038349784
14100 13.0503513984 5.98942076917 36.1408 0.150881 10.9991 2.41117 0.0 0.151992 0.0 49.0404359249 62.6026976553
14200 13.5862437526 5.91250823583 35.5602 0.172426 11.0411 2.42677 0.0 0.173544 0.0 48.9588540698 62.6002675945
14300 14.1305627561 5.8338237792 34.9692 0.194958 11.0853 2.44178 0.0 0.196083 0.0 48.8735280758 62.596691606
14400 14.6827610007 5.75352227568 34.3684 0.218383 11.1319 2.4562 0.0 0.219515 0.0 48.7944299439 62.6020446578
14500 15.2422691442 5.67153963848 33.7582 0.242606 11.1807 2.47002 0.0 0.243744 0.0 48.701795538 62.5962598967
14600 15.8084186621 5.58813679236 33.1393 0.267531 11.2319 2.48324 0.0 0.268675 0.0 48.6159348795 62.5997499833
14700 16.380570594 5.50346212875 32.5123 0.293061 11.2854 2.49587 0.0 0.294211 0.0 48.5262141193 62.6016956235
14800 16.9581985128 5.41745690144 31.8778 0.3191 11.3413 2.50789 0.0 0.320256 0.0 48.433142902 62.6025888935
14900 17.5406615505 5.33047702094 31.2362 0.345552 11.3995 2.51932 0.0 0.346713 0.0 48.3373193729 62.6028522837
15000 18.1272825999 5.24245992637 30.5883 0.37232 11.4602 2.53016 0.0 0.373486 0.0 48.2378283874 62.6016746597
15100 18.7175028088 5.15365242812 29.9347 0.399309 11.5233 2.5404 0.0 0.400479 0.0 48.1359333741 62.6001125621
15200 19.3106984755 5.0639931097 29.2758 0.426424 11.5888 2.55007 0.0 0.427599 0.0 48.0303751027 62.5968445932
15300 19.9062096588 4.97379439417 28.6124 0.453574 11.6568 2.55916 0.0 0.454753 0.0 47.9323455142 62.6030587899
15400 20.5034412671 4.88307192178 27.9449 0.480665 11.7272 2.56769 0.0 0.481848 0.0 47.8211597953 62.5978972469
15500 21.1017924868 4.79195081433 27.2742 0.507609 11.8 2.57566 0.0 0.508796 0.0 47.717748428 62.6022045857
15600 21.700572859 4.70053368697 26.6006 0.534316 11.8753 2.58309 0.0 0.535506 0.0 47.6115691161 62.6054656005
15700 22.2992731227 4.6089311657 25.9249 0.560702 11.953 2.58999 0.0 0.561895 0.0 47.4927723121 62.5976572942
15800 22.897168487 4.51726112442 25.2476 0.586682 12.0331 2.59638 0.0 0.587878 0.0 47.3817567293 62.5991148417
15900 23.4937229879 4.42560824925 24.5693 0.612176 12.1156 2.60226 0.0 0.613375 0.0 47.2684160913 62.5996508444
16000 24.0882728694 4.33408507352 23.8907 0.637105 12.2005 2.60766 0.0 0.638306 0.0 47.1529010795 62.599366691
16100 24.6802821677 4.24278124244 23.2123 0.661394 12.2879 2.6126 0.0 0.662598 0.0 47.0352651008 62.5983631738
16200 25.2691557912 4.15178334946 22.5347 0.684971 12.3776 2.61708 0.0 0.686177 0.0 46.9253660969 62.6062228016
16300 25.854241428 4.06120469086 21.8585 0.707767 12.4696 2.62113 0.0 0.708975 0.0 46.8037308021 62.6034355326
16400 26.4349745041 3.9711169828 21.1843 0.729717 12.564 2.62477 0.0 0.730926 0.0 46.6802347059 62.5999307389
16500 27.0108018894 3.88160758168 20.5127 0.750758 12.6607 2.62801 0.0 0.751969 0.0 46.564776567 62.6054554257
16600 27.5811418438 3.79276193654 19.8442 0.770833 12.7596 2.63089 0.0 0.772045 0.0 46.4378304771 62.6003650716
16700 28.1454107198 3.704652145 19.1794 0.789887 12.8609 2.63341 0.0 0.7911 0.0 46.3195014176 62.604911345
16800 28.7030725535 3.61735640822 18.5188 0.807868 12.9643 2.63561 0.0 0.809083 0.0 46.1893273534 62.5983205976
16900 29.2535532342 3.53094987556 17.8631 0.824732 13.0699 2.6375 0.0 0.825947 0.0 46.0675250366 62.60087163
17000 29.7963911844 3.44549777823 17.2127 0.840434 13.1777 2.63911 0.0 0.84165 0.0 45.9443349465 62.6027950867
17100 30.330955073 3.36105848096 16.5682 0.854937 13.2876 2.64046 0.0 0.856154 0.0 45.8202713054 62.6044849079
17200 30.856802396 3.27769950378 15.9302 0.868206 13.3996 2.64157 0.0 0.869423 0.0 45.6945843354 62.6051774278
17300 31.3734143556 3.19548302611 15.299 0.880211 13.5136 2.64246 0.0 0.881428 0.0 45.5676041994 62.6050926599
17400 31.8802111191 3.11445329835 14.6753 0.890925 13.6296 2.64316 0.0 0.892143 0.0 45.4399835932 62.6048862802
17500 32.3768455496 3.0346583856 14.0596 0.900327 13.7475 2.6437 0.0 0.901546 0.0 45.3109475616 62.6036938671
17600 32.8627492585 2.95616065802 13.4523 0.9084 13.8673 2.64409 0.0 0.909618 0.0 45.180877957 62.6018859479
17700 33.3374797418 2.87899521076 12.8539 0.91513 13.989 2.64436 0.0 0.916348 0.0 45.050355377 62.6000637434
17800 33.8005944954 2.80319446869 12.2648 0.920506 14.1124 2.64454 0.0 0.921725 0.0 44.9183937233 62.5970588248
17900 34.2516281272 2.72881126524 11.6856 0.924526 14.2376 2.64463 0.0 0.925744 0.0 44.7959224857 62.6038967647
18000 34.6901991684 2.65586562755 11.1167 0.927186 14.3645 2.64467 0.0 0.928405 0.0 44.6624719996 62.6000470418
18100 35.1158918176 2.5843901712 10.5585 0.928491 14.493 2.64468 0.0 0.929709 0.0 44.538567435 62.605956506
18200 35.5283474942 2.51441407858 10.0113 0.928446 14.6231 2.64469 0.0 0.929665 0.0 44.404159316 62.6016146626
18300 35.9270969913 2.4459646247 9.47573 0.927063 14.7547 2.6447 0.0 0.928282 0.0 44.2784790583 62.6061608382
18400 36.3119076128 2.37905344439 8.95204 0.924356 14.8877 2.64474 0.0 0.925575 0.0 44.1430007759 62.6010159793
18500 36.6822529316 2.31370914779 8.44062 0.920343 15.0221 2.64484 0.0 0.921562 0.0 44.0166606268 62.6051630935
18600 37.0379727308 2.24993230713 7.94186 0.915046 15.1578 2.645 0.0 0.916265 0.0 43.8796675806 62.5987322932
18700 37.3786321356 2.18774809935 7.45608 0.90849 15.2948 2.64526 0.0 0.909709 0.0 43.7524406636 62.6022095406
18800 37.7040060795 2.127159004 6.98362 0.900703 15.433 2.64562 0.0 0.901922 0.0 43.624843844 62.6053855501
18900 38.0137741285 2.06817322266 6.52481 0.891717 15.5723 2.64611 0.0 0.892936 0.0 43.486640001 62.5979860074
19000 38.307612034 2.01079685883 6.07994 0.881566 15.7127 2.64675 0.0 0.882785 0.0 43.3583096726 62.6005445582
19100 38.5853748378 1.95502132947 5.6493 0.870287 15.854 2.64753 0.0 0.871507 0.0 43.2297353282 62.6027724876
19200 38.8467649941 1.90085693423 5.23316 0.857922 15.9963 2.6485 0.0 0.859143 0.0 43.1008991348 62.6048418628
19300 39.0915421775 1.84829795109 4.83178 0.844513 16.1394 2.64964 0.0 0.845734 0.0 42.9713271166 62.6061016823
19400 39.3196300942 1.79733942093 4.4454 0.830104 16.2832 2.65099 0.0 0.831326 0.0 42.8323892844 62.5979046118
19500 39.5306854221 1.74797390513 4.07423 0.814745 16.4278 2.65254 0.0 0.815967 0.0 42.7029871775 62.5992933943
19600 39.7246394968 1.70018805227 3.71848 0.798483 16.573 2.65432 0.0 0.799706 0.0 42.5729951592 62.6000210972
19700 39.9012863251 1.65397289782 3.37836 0.78137 16.7188 2.65634 0.0 0.782594 0.0 42.4433848809 62.6011183809
19800 40.0605992041 1.60932462709 3.05402 0.76346 16.865 2.65859 0.0 0.764685 0.0 42.3137875092 62.6020623338
19900 40.2023339938 1.5662164419 2.74563 0.744807 17.0117 2.66109 0.0 0.746033 0.0 42.1841023366 62.6029249231
20000 40.3264868794 1.52464309704 2.45333 0.725467 17.1587 2.66386 0.0 0.726694 0.0 42.0544600164 62.6037150299
20100 40.4328785705 1.48458246732 2.17723 0.705497 17.3059 2.66688 0.0 0.706726 0.0 41.9247690441 62.6042755248
20200 40.5215395847 1.44602291793 1.91746 0.684956 17.4533 2.67017 0.0 0.686186 0.0 41.7946904361 62.6043469965
20300 40.5925156982 1.40894213294 1.67409 0.663902 17.6009 2.67374 0.0 0.665134 0.0 41.6652939527 62.6050685255
20400 40.6455627708 1.37331741495 1.44721 0.642395 17.7484 2.67758 0.0 0.643629 0.0 41.5359143588 62.605523226
20500 40.6855597906 1.33603902904 1.23687 0.438119 17.896 2.67887 0.183286 0.439622 0.0 41.4083712138 62.6061490961
20600 40.6978583497 1.3066348299 1.04311 0.214043 18.0434 2.67887 0.39096 0.215943 0.0 41.2673297551 62.5965025302
20700 40.6778236002 1.28780905094 0.865947 0.0696764 18.1906 2.67887 0.524358 0.0719718 0.0 41.1313843468 62.597183522
20800 40.6254631717 1.27931230684 0.705397 0.00434282 18.3376 2.67887 0.584453 0.00703048 0.0 40.9900553009 62.5980094384
20900 40.5407961375 1.2810022143 0.561448 1.13741e-05 18.4843 2.67957 0.588958 0.00282824 0.0 40.8432072673 62.5988641052
21000 40.4292622448 1.28966222712 0.434073 0.000319795 18.6305 2.68415 0.58903 0.00313877 0.0 40.6930365356 62.5998561069
21100 40.3003600708 1.29918712542 0.323231 0.00105728 18.7763 2.6888 0.58903 0.00387839 0.0 40.5428953953 62.6009043395
21200 40.1546541893 1.30942727801 0.228862 0.00220998 18.9215 2.69336 0.58903 0.0050332 0.0 40.392650501 62.6015730711
21300 39.9924001846 1.32037610454 0.150892 0.00376473 19.0661 2.69783 0.58903 0.00659001 0.0 40.2434534498 62.6030026159
21400 39.8136400183 1.33203589384 0.0892312 0.00570743 19.21 2.7022 0.58903 0.00853472 0.0 40.0947703939 62.6045341619
21500 39.6187246418 1.34438995663 0.0437728 0.0080231 19.3532 2.70647 0.58903 0.0108524 0.0 39.9468288065 62.6063821592
21600 39.407791384 1.35744725744 0.0143955 0.010696 19.4955 2.71063 0.58903 0.0135271 0.0 39.789399766 62.598087398
21700 39.1811034584 1.3711905348 0.000962446 0.0137095 19.6369 2.71468 0.58903 0.0165425 0.0 39.6431001892 62.600252621
21800 39.0485277383 1.37609117107 0.0 0.0 0.0 0.0 0.0 0.0 23.0075 39.5945407844 62.6020404792
21900 38.9710285057 1.37609117107 0.0 0.0 0.0 0.0 0.0 0.0 23.0075 39.5971196768 62.6046193716
22000 38.8936208257 1.37609117107 0.0 0.0 0.0 0.0 0.0 0.0 23.0075 39.5895362155 62.5970359103
22100 38.8163123275 1.37609117107 0.0 0.0 0.0 0.0 0.0 0.0 23.0075 39.5923058424 62.5998055372
22200 38.7390991967 1.37609117107 0.0 0.0 0.0 0.0 0.0 0.0 23.0075 39.5951708365 62.6026705313
22300 38.6619852477 1.37609117107 0.0 0.0 0.0 0.0 0.0 0.0 23.0075 39.5981350125 62.6056347074
22400 38.5849628513 1.37609117107 0.0 0.0 0.0 0.0 0.0 0.0 23.0075 39.5909368349 62.5984365297
22500 38.5080396369 1.37609117107 0.0 0.0 0.0 0.0 0.0 0.0 23.0075 39.5940917454 62.6015914402
22600 38.4312117896 1.37609117107 0.0 0.0 0.0 0.0 0.0 0.0 23.0075 39.5973420232 62.604841718
22700 38.3544793096 1.37609117107 0.0 0.0 0.0 0.0 0.0 0.0 23.0075 39.5904337619 62.5979334568
22800 38.2778421969 1.37609117107 0.0 0.0 0.0 0.0 0.0 0.0 23.0075 39.5938747742 62.601374469
22900 38.201304266 1.37609117107 0.0 0.0 0.0 0.0 0.0 0.0 23.0075 39.5974149684 62.6049146632
23000 38.1248617024 1.37609117107 0.0 0.0 0.0 0.0 0.0 0.0 23.0075 39.5907966235 62.5982963183
23100 38.0485145061 1.37609117107 0.0 0.0 0.0 0.0 0.0 0.0 23.0075 39.5945275522 62.602027247
23200 37.972262677 1.37609117107 0.0 0.0 0.0 0.0 0.0 0.0 23.0075 39.5983538481 62.6058535429
23300 37.8961100298 1.37609117107 0.0 0.0 0.0 0.0 0.0 0.0 23.0075 39.5920254196 62.5995251144
23400 37.8200527498 1.37609117107 0.0 0.0 0.0 0.0 0.0 0.0 23.0075 39.5960462647 62.6035459595
23500 37.7440908371 1.37609117107 0.0 0.0 0.0 0.0 0.0 0.0 23.0075 39.5899085707 62.5974082655
23600 37.6682242917 1.37609117107 0.0 0.0 0.0 0.0 0.0 0.0 23.0075 39.5941201502 62.6016198451
23700 37.5924569281 1.37609117107 0.0 0.0 0.0 0.0 0.0 0.0 23.0075 39.5984309117 62.6059306065
23800 37.5167849318 1.37609117107 0.0 0.0 0.0 0.0 0.0 0.0 23.0075 39.5925831341 62.600082829
23900 37.4412083028 1.37609117107 0.0 0.0 0.0 0.0 0.0 0.0 23.0075 39.5970846301 62.6045843249
24000 37.3657270409 1.37609117107 0.0 0.0 0.0 0.0 0.0 0.0 23.0075 39.5919158683 62.5994155631
24100 37.2903411463 1.37609117107 0.0 0.0 0.0 0.0 0.0 0.0 23.0075 39.5961198174 62.6036195122
24200 37.2150544337 1.37609117107 0.0 0.0 0.0 0.0 0.0 0.0 23.0075 39.5911456048 62.5986452996
24300 37.1398630883 1.37609117107 0.0 0.0 0.0 0.0 0.0 0.0 23.0075 39.5960323843 62.6035320792
24400 37.0647632954 1.37609117107 0.0 0.0 0.0 0.0 0.0 0.0 23.0075 39.5907568102 62.598256505
24500 36.9897626844 1.37609117107 0.0 0.0 0.0 0.0 0.0 0.0 23.0075 39.5958343243 62.6033340191
24600 36.9148612554 1.37609117107 0.0 0.0 0.0 0.0 0.0 0.0 23.0075 39.590757114 62.5982568088
24700 36.8400551936 1.37609117107 0.0 0.0 0.0 0.0 0.0 0.0 23.0075 39.5960291772 62.603528872
24800 36.7653444991 1.37609117107 0.0 0.0 0.0 0.0 0.0 0.0 23.0075 39.5911427014 62.5986423962
24900 36.6907291718 1.37609117107 0.0 0.0 0.0 0.0 0.0 0.0 23.0075 39.5966054991 62.6041051939
25000 36.6162130264 1.37609117107 0.0 0.0 0.0 0.0 0.0 0.0 23.0075 39.5924018537 62.5999015486
25100 36.5417884336 1.37609117107 0.0 0.0 0.0 0.0 0.0 0.0 23.0075 39.5975671047 62.6050667995
25200 36.4674630227 1.37609117107 0.0 0.0 0.0 0.0 0.0 0.0 23.0075 39.5935541938 62.6010538886
25300 36.3932367937 1.37609117107 0.0 0.0 0.0 0.0 0.0 0.0 23.0075 39.5891521835 62.5966518784
25400 36.3191021173 1.37609117107 0.0 0.0 0.0 0.0 0.0 0.0 23.0075 39.5950956321 62.602595327
25500 36.2450666228 1.37609117107 0.0 0.0 0.0 0.0 0.0 0.0 23.0075 39.5908843564 62.5983840512
25600 36.1711264956 1.37609117107 0.0 0.0 0.0 0.0 0.0 0.0 23.0075 39.5970223541 62.604522049
25700 36.0972817355 1.37609117107 0.0 0.0 0.0 0.0 0.0 0.0 23.0075 39.5934900941 62.6009897889
25800 36.0235323428 1.37609117107 0.0 0.0 0.0 0.0 0.0 0.0 23.0075 39.5895649201 62.5970646149
25900 35.9498821319 1.37609117107 0.0 0.0 0.0 0.0 0.0 0.0 23.0075 39.5959928342 62.6034925291
26000 35.8763196589 1.37609117107 0.0 0.0 0.0 0.0 0.0 0.0 23.0075 39.59225458 62.5997542748
26100 35.8028601825 1.37609117107 0.0 0.0 0.0 0.0 0.0 0.0 23.0075 39.5886193224 62.5961190172
26200 35.7294998881 1.37609117107 0.0 0.0 0.0 0.0 0.0 0.0 23.0075 39.5953371529 62.6028368477
26300 35.6562311462 1.37609117107 0.0 0.0 0.0 0.0 0.0 0.0 23.0075 39.592380911 62.5998806058
26400 35.5830615862 1.37609117107 0.0 0.0 0.0 0.0 0.0 0.0 23.0075 39.5890355698 62.5965352646
26500 35.5099873935 1.37609117107 0.0 0.0 0.0 0.0 0.0 0.0 23.0075 39.5960395021 62.6035391969
26600 35.437008568 1.37609117107 0.0 0.0 0.0 0.0 0.0 0.0 23.0075 39.5928848953 62.6003845902
26700 35.3641251098 1.37609117107 0.0 0.0 0.0 0.0 0.0 0.0 23.0075 39.5903139371 62.5978136319
26800 35.2913408334 1.37609117107 0.0 0.0 0.0 0.0 0.0 0.0 23.0075 39.5971195045 62.6046191993
26900 35.2186519243 1.37609117107 0.0 0.0 0.0 0.0 0.0 0.0 23.0075 39.5947430954 62.6022427902
27000 35.1460583825 1.37609117107 0.0 0.0 0.0 0.0 0.0 0.0 23.0075 39.5919737723 62.5994734671
27100 35.0735602079 1.37609117107 0.0 0.0 0.0 0.0 0.0 0.0 23.0075 39.5892998164 62.5967995113
27200 35.0011612152 1.37609117107 0.0 0.0 0.0 0.0 0.0 0.0 23.0075 39.5969789488 62.6044786436
27300 34.9288537751 1.37609117107 0.0 0.0 0.0 0.0 0.0 0.0 23.0075 39.5949840086 62.6024837035
27400 34.8566455169 1.37609117107 0.0 0.0 0.0 0.0 0.0 0.0 23.0075 39.5925999692 62.600099664
27500 34.7845364406 1.37609117107 0.0 0.0 0.0 0.0 0.0 0.0 23.0075 39.5903151116 62.5978148065
27600 34.7125189168 1.37609117107 0.0 0.0 0.0 0.0 0.0 0.0 23.0075 39.5983757129 62.6058754077
27700 34.6405967604 1.37609117107 0.0 0.0 0.0 0.0 0.0 0.0 23.0075 39.5967660564 62.6042657513
27800 34.5687737858 1.37609117107 0.0 0.0 0.0 0.0 0.0 0.0 23.0075 39.5947673006 62.6022669954
27900 34.4970461785 1.37609117107 0.0 0.0 0.0 0.0 0.0 0.0 23.0075 39.592863912 62.6003636069
28000 34.4254139384 1.37609117107 0.0 0.0 0.0 0.0 0.0 0.0 23.0075 39.591544172 62.5990438668
28100 34.3538808802 1.37609117107 0.0 0.0 0.0 0.0 0.0 0.0 23.0075 39.5898353325 62.5973350274
28200 34.2824393746 1.37609117107 0.0 0.0 0.0 0.0 0.0 0.0 23.0075 39.5984719519 62.6059716468
28300 34.2110970509 1.37609117107 0.0 0.0 0.0 0.0 0.0 0.0 23.0075 39.596953847 62.6044535418
28400 34.1398539092 1.37609117107 0.0 0.0 0.0 0.0 0.0 0.0 23.0075 39.5960232052 62.6035229001
28500 34.06870232 1.37609117107 0.0 0.0 0.0 0.0 0.0 0.0 23.0075 39.5946958348 62.6021955296
28600 33.9976499127 1.37609117107 0.0 0.0 0.0 0.0 0.0 0.0 23.0075 39.5934676463 62.6009673411
28700 33.9266928726 1.37609117107 0.0 0.0 0.0 0.0 0.0 0.0 23.0075 39.5928231062 62.600322801
28800 33.8558311998 1.37609117107 0.0 0.0 0.0 0.0 0.0 0.0 23.0075 39.5917856522 62.599285347
28900 33.7850648943 1.37609117107 0.0 0.0 0.0 0.0 0.0 0.0 23.0075 39.5908435654 62.5983432602
29000 33.7143977707 1.37609117107 0.0 0.0 0.0 0.0 0.0 0.0 23.0075 39.5904889417 62.5979886366
29100 33.6438260143 1.37609117107 0.0 0.0 0.0 0.0 0.0 0.0 23.0075 39.5897414041 62.5972410989
29200 33.5733496251 1.37609117107 0.0 0.0 0.0 0.0 0.0 0.0 23.0075 39.5890892337 62.5965889285
29300 33.5029647885 1.37609117107 0.0 0.0 0.0 0.0 0.0 0.0 23.0075 39.5890168971 62.5965165919
29400 33.4326829485 1.37609117107 0.0 0.0 0.0 0.0 0.0 0.0 23.0075 39.5885592758 62.5960589706
29500 33.3624964757 1.37609117107 0.0 0.0 0.0 0.0 0.0 0.0 23.0075 39.5984509281 62.6059506229
29600 33.2924053702 1.37609117107 0.0 0.0 0.0 0.0 0.0 0.0 23.0075 39.5981840413 62.6056837361
29700 33.222409632 1.37609117107 0.0 0.0 0.0 0.0 0.0 0.0 23.0075 39.598500803 62.6060004979
29800 33.1525092609 1.37609117107 0.0 0.0 0.0 0.0 0.0 0.0 23.0075 39.5984246507 62.6059243456
29900 33.0827080718 1.37609117107 0.0 0.0 0.0 0.0 0.0 0.0 23.0075 39.5886820554 62.5961817502
30000 33.0130022499 1.37609117107 0.0 0.0 0.0 0.0 0.0 0.0 23.0075 39.5888004523 62.5963001471
30100 32.9433917953 1.37609117107 0.0 0.0 0.0 0.0 0.0 0.0 23.0075 39.5895024976 62.5970021925
30200 32.8738767079 1.37609117107 0.0 0.0 0.0 0.0 0.0 0.0 23.0075 39.589811629 62.5973113238
30300 32.8044608024 1.37609117107 0.0 0.0 0.0 0.0 0.0 0.0 23.0075 39.5902199423 62.5977196371
30400 32.7351402642 1.37609117107 0.0 0.0 0.0 0.0 0.0 0.0 23.0075 39.591211904 62.5987115989
30500 32.6659150932 1.37609117107 0.0 0.0 0.0 0.0 0.0 0.0 23.0075 39.5918109518 62.5993106466
30600 32.5967852895 1.37609117107 0.0 0.0 0.0 0.0 0.0 0.0 23.0075 39.592993648 62.6004933429
30700 32.527750853 1.37609117107 0.0 0.0 0.0 0.0 0.0 0.0 23.0075 39.5937834303 62.6012831251
30800 32.4588155984 1.37609117107 0.0 0.0 0.0 0.0 0.0 0.0 23.0075 39.5946723944 62.6021720893
30900 32.3899718963 1.37609117107 0.0 0.0 0.0 0.0 0.0 0.0 23.0075 39.5961411924 62.6036408872
31000 32.3212273762 1.37609117107 0.0 0.0 0.0 0.0 0.0 0.0 23.0075 39.597220891 62.6047205859
31100 32.252582038 1.37609117107 0.0 0.0 0.0 0.0 0.0 0.0 23.0075 39.5886341466 62.5961338414
31200 32.1840282524 1.37609117107 0.0 0.0 0.0 0.0 0.0 0.0 23.0075 39.5899045797 62.5974042746
31300 32.1155736487 1.37609117107 0.0 0.0 0.0 0.0 0.0 0.0 23.0075 39.591762476 62.5992621709
31400 32.0472144122 1.37609117107 0.0 0.0 0.0 0.0 0.0 0.0 23.0075 39.5932274583 62.6007271531
31500 31.9789543577 1.37609117107 0.0 0.0 0.0 0.0 0.0 0.0 23.0075 39.5947916225 62.6022913174
31600 31.9107858557 1.37609117107 0.0 0.0 0.0 0.0 0.0 0.0 23.0075 39.5969356205 62.6044353154
31700 31.8427165357 1.37609117107 0.0 0.0 0.0 0.0 0.0 0.0 23.0075 39.5889248942 62.5964245891
31800 31.7747425828 1.37609117107 0.0 0.0 0.0 0.0 0.0 0.0 23.0075 39.5907751602 62.598274855
31900 31.7068639972 1.37609117107 0.0 0.0 0.0 0.0 0.0 0.0 23.0075 39.5927207933 62.6002204881
32000 31.6390845936 1.37609117107 0.0 0.0 0.0 0.0 0.0 0.0 23.0075 39.5952538897 62.6027535845
32100 31.5713967425 1.37609117107 0.0 0.0 0.0 0.0 0.0 0.0 23.0075 39.5973902573 62.6048899521
32200 31.5038080733 1.37609117107 0.0 0.0 0.0 0.0 0.0 0.0 23.0075 39.5898601819 62.5973598767
32300 31.4363147714 1.37609117107 0.0 0.0 0.0 0.0 0.0 0.0 23.0075 39.5921910987 62.5996907935
32400 31.3689206513 1.37609117107 0.0 0.0 0.0 0.0 0.0 0.0 23.0075 39.5951094787 62.6026091735
32500 31.3016180839 1.37609117107 0.0 0.0 0.0 0.0 0.0 0.0 23.0075 39.59763113 62.6051308248
32600 31.2344108837 1.37609117107 0.0 0.0 0.0 0.0 0.0 0.0 23.0075 39.5904825235 62.5979822183
32700 31.1673028654 1.37609117107 0.0 0.0 0.0 0.0 0.0 0.0 23.0075 39.5931987239 62.6006984188
32800 31.100294029 1.37609117107 0.0 0.0 0.0 0.0 0.0 0.0 23.0075 39.5965023876 62.6040020824
32900 31.0333767452 1.37609117107 0.0 0.0 0.0 0.0 0.0 0.0 23.0075 39.5891554162 62.5966551111
33000 30.9665586433 1.37609117107 0.0 0.0 0.0 0.0 0.0 0.0 23.0075 39.5926498143 62.6001495092
33100 30.8998359086 1.37609117107 0.0 0.0 0.0 0.0 0.0 0.0 23.0075 39.5957512984 62.6032509933
33200 30.8332085412 1.37609117107 0.0 0.0 0.0 0.0 0.0 0.0 23.0075 39.5891825248 62.5966822196
33300 30.766676541 1.37609117107 0.0 0.0 0.0 0.0 0.0 0.0 23.0075 39.5924747433 62.5999744382
33400 30.7002437228 1.37609117107 0.0 0.0 0.0 0.0 0.0 0.0 23.0075 39.5963544251 62.6038541199
33500 30.6339062718 1.37609117107 0.0 0.0 0.0 0.0 0.0 0.0 23.0075 39.5900755678 62.5975752627
33600 30.567664188 1.37609117107 0.0 0.0 0.0 0.0 0.0 0.0 23.0075 39.5936577028 62.6011573976
33700 30.5015174715 1.37609117107 0.0 0.0 0.0 0.0 0.0 0.0 23.0075 39.597335205 62.6048348998
33800 30.4354699368 1.37609117107 0.0 0.0 0.0 0.0 0.0 0.0 23.0075 39.5913462642 62.598845959
33900 30.3695177695 1.37609117107 0.0 0.0 0.0 0.0 0.0 0.0 23.0075 39.5957065968 62.6032062916
34000 30.3036609693 1.37609117107 0.0 0.0 0.0 0.0 0.0 0.0 23.0075 39.5894201092 62.596919804
34100 30.2378995365 1.37609117107 0.0 0.0 0.0 0.0 0.0 0.0 23.0075 39.5939711763 62.6014708711
34200 30.1722296561 1.37609117107 0.0 0.0 0.0 0.0 0.0 0.0 23.0075 39.5981255147 62.6056252095
34300 30.1066627724 1.37609117107 0.0 0.0 0.0 0.0 0.0 0.0 23.0075 39.5926172247 62.6001169195
34400 30.0411912559 1.37609117107 0.0 0.0 0.0 0.0 0.0 0.0 23.0075 39.596969927 62.6044696218
34500 29.9758151066 1.37609117107 0.0 0.0 0.0 0.0 0.0 0.0 23.0075 39.5916523715 62.5991520663
34600 29.9105343246 1.37609117107 0.0 0.0 0.0 0.0 0.0 0.0 23.0075 39.5966840895 62.6041837843
34700 29.8453527245 1.37609117107 0.0 0.0 0.0 0.0 0.0 0.0 23.0075 39.5915610831 62.5990607779
34800 29.7802664917 1.37609117107 0.0 0.0 0.0 0.0 0.0 0.0 23.0075 39.596299069 62.6037987639
34900 29.7152756261 1.37609117107 0.0 0.0 0.0 0.0 0.0 0.0 23.0075 39.5913667972 62.598866492
35000 29.6503801277 1.37609117107 0.0 0.0 0.0 0.0 0.0 0.0 23.0075 39.5962955176 62.6037952124
35100 29.5855838113 1.37609117107 0.0 0.0 0.0 0.0 0.0 0.0 23.0075 39.5915577949 62.5990574897
35200 29.5208790474 1.37609117107 0.0 0.0 0.0 0.0 0.0 0.0 23.0075 39.5966772497 62.6041769445
35300 29.4562734654 1.37609117107 0.0 0.0 0.0 0.0 0.0 0.0 23.0075 39.5921302615 62.5996299563
35400 29.3917670654 1.37609117107 0.0 0.0 0.0 0.0 0.0 0.0 23.0075 39.5979363615 62.6054360563
35500 29.3273522179 1.37609117107 0.0 0.0 0.0 0.0 0.0 0.0 23.0075 39.5930918265 62.6005915213
35600 29.2630365524 1.37609117107 0.0 0.0 0.0 0.0 0.0 0.0 23.0075 39.5888347547 62.5963344495
35700 29.198816254 1.37609117107 0.0 0.0 0.0 0.0 0.0 0.0 23.0075 39.5949269564 62.6024266512
35800 29.1346875083 1.37609117107 0.0 0.0 0.0 0.0 0.0 0.0 23.0075 39.5908568043 62.5983564992
35900 29.0706579444 1.37609117107 0.0 0.0 0.0 0.0 0.0 0.0 23.0075 39.5966514592 62.6041511541
36000 29.0067275625 1.37609117107 0.0 0.0 0.0 0.0 0.0 0.0 23.0075 39.5927796711 62.6002793659
36100 28.9428887331 1.37609117107 0.0 0.0 0.0 0.0 0.0 0.0 23.0075 39.5889994355 62.5964991303
36200 28.8791490857 1.37609117107 0.0 0.0 0.0 0.0 0.0 0.0 23.0075 39.5950840068 62.6025837016
36300 28.8155086202 1.37609117107 0.0 0.0 0.0 0.0 0.0 0.0 23.0075 39.591502135 62.5990018298
36400 28.7519597072 1.37609117107 0.0 0.0 0.0 0.0 0.0 0.0 23.0075 39.5977774408 62.6052771356
36500 28.6885099762 1.37609117107 0.0 0.0 0.0 0.0 0.0 0.0 23.0075 39.5943863035 62.6018859983
36600 28.6251556124 1.37609117107 0.0 0.0 0.0 0.0 0.0 0.0 23.0075 39.5910905335 62.5985902283
36700 28.5618966158 1.37609117107 0.0 0.0 0.0 0.0 0.0 0.0 23.0075 39.5976557557 62.6051554505
36800 28.4987329865 1.37609117107 0.0 0.0 0.0 0.0 0.0 0.0 23.0075 39.5945507201 62.6020504149
36900 28.4356685391 1.37609117107 0.0 0.0 0.0 0.0 0.0 0.0 23.0075 39.5915448664 62.5990445613
37000 28.372699459 1.37609117107 0.0 0.0 0.0 0.0 0.0 0.0 23.0075 39.58863438 62.5961340749
37100 28.3098257461 1.37609117107 0.0 0.0 0.0 0.0 0.0 0.0 23.0075 39.5955848859 62.6030845807
37200 28.2470474004 1.37609117107 0.0 0.0 0.0 0.0 0.0 0.0 23.0075 39.592865134 62.6003648288
37300 28.1843682366 1.37609117107 0.0 0.0 0.0 0.0 0.0 0.0 23.0075 39.590244564 62.5977442588
37400 28.1217806254 1.37609117107 0.0 0.0 0.0 0.0 0.0 0.0 23.0075 39.5979694528 62.6054691476
37500 28.0592921962 1.37609117107 0.0 0.0 0.0 0.0 0.0 0.0 23.0075 39.595051336 62.6025510308
37600 27.9968991341 1.37609117107 0.0 0.0 0.0 0.0 0.0 0.0 23.0075 39.5927168677 62.6002165625
37700 27.9346014393 1.37609117107 0.0 0.0 0.0 0.0 0.0 0.0 23.0075 39.5904777667 62.5979774615
37800 27.8724029265 1.37609117107 0.0 0.0 0.0 0.0 0.0 0.0 23.0075 39.5985917538 62.6060914486
37900 27.8102997808 1.37609117107 0.0 0.0 0.0 0.0 0.0 0.0 23.0075 39.5960589207 62.6035586155
38000 27.7482920024 1.37609117107 0.0 0.0 0.0 0.0 0.0 0.0 23.0075 39.594109736 62.6016094308
38100 27.6863795913 1.37609117107 0.0 0.0 0.0 0.0 0.0 0.0 23.0075 39.5922559186 62.5997556134
38200 27.6245663621 1.37609117107 0.0 0.0 0.0 0.0 0.0 0.0 23.0075 39.5905012831 62.598000978
38300 27.5628446854 1.37609117107 0.0 0.0 0.0 0.0 0.0 0.0 23.0075 39.5888382002 62.596337895
38400 27.5012221907 1.37609117107 0.0 0.0 0.0 0.0 0.0 0.0 23.0075 39.5970399242 62.604539619
38500 27.4396988778 1.37609117107 0.0 0.0 0.0 0.0 0.0 0.0 23.0075 39.5955752052 62.6030749
38600 27.3782671176 1.37609117107 0.0 0.0 0.0 0.0 0.0 0.0 23.0075 39.5942020386 62.6017017335
38700 27.3169345392 1.37609117107 0.0 0.0 0.0 0.0 0.0 0.0 23.0075 39.592928054 62.6004277489
38800 27.2556973281 1.37609117107 0.0 0.0 0.0 0.0 0.0 0.0 23.0075 39.5917494367 62.5992491315
38900 27.1945554842 1.37609117107 0.0 0.0 0.0 0.0 0.0 0.0 23.0075 39.5906661866 62.5981658814
39000 27.1335090076 1.37609117107 0.0 0.0 0.0 0.0 0.0 0.0 23.0075 39.5896783037 62.5971779985
39100 27.0725578982 1.37609117107 0.0 0.0 0.0 0.0 0.0 0.0 23.0075 39.5882975068 62.5957972016
39200 27.0117059708 1.37609117107 0.0 0.0 0.0 0.0 0.0 0.0 23.0075 39.5977580793 62.6052577742
39300 26.9509494105 1.37609117107 0.0 0.0 0.0 0.0 0.0 0.0 23.0075 39.5970601129 62.6045598077
39400 26.8902882176 1.37609117107 0.0 0.0 0.0 0.0 0.0 0.0 23.0075 39.5964575136 62.6039572085
39500 26.8297262065 1.37609117107 0.0 0.0 0.0 0.0 0.0 0.0 23.0075 39.5954658151 62.6029655099
39600 26.7692595627 1.37609117107 0.0 0.0 0.0 0.0 0.0 0.0 23.0075 39.595057765 62.6025574598
39700 26.7088882861 1.37609117107 0.0 0.0 0.0 0.0 0.0 0.0 23.0075 39.5947450822 62.602244777
39800 26.6486123768 1.37609117107 0.0 0.0 0.0 0.0 0.0 0.0 23.0075 39.5945277666 62.6020274614
39900 26.5884318347 1.37609117107 0.0 0.0 0.0 0.0 0.0 0.0 23.0075 39.5944058182 62.6019055131
40000 26.5283504745 1.37609117107 0.0 0.0 0.0 0.0 0.0 0.0 23.0075 39.5943830518 62.6018827466
40100 26.4683644816 1.37609117107 0.0 0.0 0.0 0.0 0.0 0.0 23.0075 39.5944556526 62.6019553475
40200 26.4084738559 1.37609117107 0.0 0.0 0.0 0.0 0.0 0.0 23.0075 39.5946236207 62.6021233155
40300 26.3486785974 1.37609117107 0.0 0.0 0.0 0.0 0.0 0.0 23.0075 39.594886956 62.6023866508
40400 26.2889825209 1.37609117107 0.0 0.0 0.0 0.0 0.0 0.0 23.0075 39.5947611919 62.6022608868
40500 26.2293818116 1.37609117107 0.0 0.0 0.0 0.0 0.0 0.0 23.0075 39.5952190764 62.6027187712
40600 26.1698764695 1.37609117107 0.0 0.0 0.0 0.0 0.0 0.0 23.0075 39.5957723281 62.6032720229
40700 26.11046268 1.37609117107 0.0 0.0 0.0 0.0 0.0 0.0 23.0075 39.5964171323 62.6039168272
40800 26.0511518871 1.37609117107 0.0 0.0 0.0 0.0 0.0 0.0 23.0075 39.5971649332 62.604664628
40900 25.9919326468 1.37609117107 0.0 0.0 0.0 0.0 0.0 0.0 23.0075 39.5980042866 62.6055039814
41000 25.9328125884 1.37609117107 0.0 0.0 0.0 0.0 0.0 0.0 23.0075 39.5886889157 62.5961886105
41100 25.8737878972 1.37609117107 0.0 0.0 0.0 0.0 0.0 0.0 23.0075 39.5897228183 62.5972225131
41200 25.8148623879 1.37609117107 0.0 0.0 0.0 0.0 0.0 0.0 23.0075 39.5908559028 62.5983555976
41300 25.7560284313 1.37609117107 0.0 0.0 0.0 0.0 0.0 0.0 23.0075 39.5920805398 62.5995802347
41400 25.6972936565 1.37609117107 0.0 0.0 0.0 0.0 0.0 0.0 23.0075 39.5934043588 62.6009040536
41500 25.638654249 1.37609117107 0.0 0.0 0.0 0.0 0.0 0.0 23.0075 39.594823545 62.6023232399
41600 25.5801140233 1.37609117107 0.0 0.0 0.0 0.0 0.0 0.0 23.0075 39.5958536319 62.6033533267
41700 25.5216653503 1.37609117107 0.0 0.0 0.0 0.0 0.0 0.0 23.0075 39.5974635526 62.6049632474
41800 25.4633158592 1.37609117107 0.0 0.0 0.0 0.0 0.0 0.0 23.0075 39.5894070302 62.5969067251
41900 25.4050617353 1.37609117107 0.0 0.0 0.0 0.0 0.0 0.0 23.0075 39.5912115001 62.5987111949
42000 25.3469029786 1.37609117107 0.0 0.0 0.0 0.0 0.0 0.0 23.0075 39.5931113372 62.600611032
42100 25.2888434039 1.37609117107 0.0 0.0 0.0 0.0 0.0 0.0 23.0075 39.594622075 62.6021217698
42200 25.2308753817 1.37609117107 0.0 0.0 0.0 0.0 0.0 0.0 23.0075 39.5967126466 62.6042123414
42300 25.1730065415 1.37609117107 0.0 0.0 0.0 0.0 0.0 0.0 23.0075 39.5891367751 62.5966364699
42400 25.1152292538 1.37609117107 0.0 0.0 0.0 0.0 0.0 0.0 23.0075 39.5914180811 62.5989177759
42500 25.0575549627 1.37609117107 0.0 0.0 0.0 0.0 0.0 0.0 23.0075 39.5933141025 62.6008137974
42600 24.9999722242 1.37609117107 0.0 0.0 0.0 0.0 0.0 0.0 23.0075 39.5957899578 62.6032896526
42700 24.9424886676 1.37609117107 0.0 0.0 0.0 0.0 0.0 0.0 23.0075 39.5983649949 62.6058646897
42800 24.8851004782 1.37609117107 0.0 0.0 0.0 0.0 0.0 0.0 23.0075 39.5912697743 62.5987694691
42900 24.8278114708 1.37609117107 0.0 0.0 0.0 0.0 0.0 0.0 23.0075 39.5935510794 62.6010507742
43000 24.7706140159 1.37609117107 0.0 0.0 0.0 0.0 0.0 0.0 23.0075 39.5964122182 62.6039119131
43100 24.7135157429 1.37609117107 0.0 0.0 0.0 0.0 0.0 0.0 23.0075 39.589606914 62.5971066088
43200 24.6565128372 1.37609117107 0.0 0.0 0.0 0.0 0.0 0.0 23.0075 39.592662602 62.6001622969
43300 24.5996052987 1.37609117107 0.0 0.0 0.0 0.0 0.0 0.0 23.0075 39.5958136573 62.6033133521
43400 24.5427931275 1.37609117107 0.0 0.0 0.0 0.0 0.0 0.0 23.0075 39.5888061736 62.5963058684
43500 24.4860801382 1.37609117107 0.0 0.0 0.0 0.0 0.0 0.0 23.0075 39.592151778 62.5996514728
43600 24.4294625161 1.37609117107 0.0 0.0 0.0 0.0 0.0 0.0 23.0075 39.5955927497 62.6030924445
43700 24.3729402613 1.37609117107 0.0 0.0 0.0 0.0 0.0 0.0 23.0075 39.5888751823 62.5963748772
43800 24.3165133737 1.37609117107 0.0 0.0 0.0 0.0 0.0 0.0 23.0075 39.5925068885 62.6000065833
43900 24.260185668 1.37609117107 0.0 0.0 0.0 0.0 0.0 0.0 23.0075 39.5962377766 62.6037374714
44000 24.2039495149 1.37609117107 0.0 0.0 0.0 0.0 0.0 0.0 23.0075 39.5898063109 62.5973060058
44100 24.1478125437 1.37609117107 0.0 0.0 0.0 0.0 0.0 0.0 23.0075 39.5937279335 62.6012276283
44200 24.0917709397 1.37609117107 0.0 0.0 0.0 0.0 0.0 0.0 23.0075 39.5977449233 62.6052446181
44300 24.035824703 1.37609117107 0.0 0.0 0.0 0.0 0.0 0.0 23.0075 39.5916033741 62.5991030689
44400 23.9799776482 1.37609117107 0.0 0.0 0.0 0.0 0.0 0.0 23.0075 39.595814913 62.6033146079
44500 23.9242259607 1.37609117107 0.0 0.0 0.0 0.0 0.0 0.0 23.0075 39.5903561942 62.5978558891
44600 23.8685696403 1.37609117107 0.0 0.0 0.0 0.0 0.0 0.0 23.0075 39.5947584677 62.6022581625
44700 23.8130086873 1.37609117107 0.0 0.0 0.0 0.0 0.0 0.0 23.0075 39.5890022021 62.5965018969
44800 23.7575469161 1.37609117107 0.0 0.0 0.0 0.0 0.0 0.0 23.0075 39.5935990247 62.6010987195
44900 23.7021805122 1.37609117107 0.0 0.0 0.0 0.0 0.0 0.0 23.0075 39.5982912145 62.6057909094
45000 23.6469094755 1.37609117107 0.0 0.0 0.0 0.0 0.0 0.0 23.0075 39.5928248654 62.6003245602
45100 23.5917338061 1.37609117107 0.0 0.0 0.0 0.0 0.0 0.0 23.0075 39.5977077897 62.6052074845
45200 23.5366554112 1.37609117107 0.0 0.0 0.0 0.0 0.0 0.0 23.0075 39.5924340823 62.5999337771
45300 23.4816723836 1.37609117107 0.0 0.0 0.0 0.0 0.0 0.0 23.0075 39.5975096485 62.6050093433
45400 23.4267866306 1.37609117107 0.0 0.0 0.0 0.0 0.0 0.0 23.0075 39.5929168642 62.600416559
45500 23.3719981522 1.37609117107 0.0 0.0 0.0 0.0 0.0 0.0 23.0075 39.5981869795 62.6056866743
45600 23.317305041 1.37609117107 0.0 0.0 0.0 0.0 0.0 0.0 23.0075 39.5932985558 62.6007982506
45700 23.2627053896 1.37609117107 0.0 0.0 0.0 0.0 0.0 0.0 23.0075 39.588503592 62.5960032868
45800 23.2082049203 1.37609117107 0.0 0.0 0.0 0.0 0.0 0.0 23.0075 39.5940617163 62.6015614112
45900 23.1537998181 1.37609117107 0.0 0.0 0.0 0.0 0.0 0.0 23.0075 39.5899495829 62.5974492778
46000 23.0994900832 1.37609117107 0.0 0.0 0.0 0.0 0.0 0.0 23.0075 39.5956984418 62.6031981366
46100 23.0452776229 1.37609117107 0.0 0.0 0.0 0.0 0.0 0.0 23.0075 39.591290669 62.5987903638
46200 22.9911624371 1.37609117107 0.0 0.0 0.0 0.0 0.0 0.0 23.0075 39.597234077 62.6047337718
46300 22.9371426186 1.37609117107 0.0 0.0 0.0 0.0 0.0 0.0 23.0075 39.593018946 62.6005186408
46400 22.8832181674 1.37609117107 0.0 0.0 0.0 0.0 0.0 0.0 23.0075 39.5893874634 62.5968871583
46500 22.8293909907 1.37609117107 0.0 0.0 0.0 0.0 0.0 0.0 23.0075 39.5951305993 62.6026302941
46600 22.7756610886 1.37609117107 0.0 0.0 0.0 0.0 0.0 0.0 23.0075 39.5916936659 62.5991933607
46700 22.7220265537 1.37609117107 0.0 0.0 0.0 0.0 0.0 0.0 23.0075 39.5981177248 62.6056174196
46800 22.6684873861 1.37609117107 0.0 0.0 0.0 0.0 0.0 0.0 23.0075 39.5943832447 62.6018829395
46900 22.6150435857 1.37609117107 0.0 0.0 0.0 0.0 0.0 0.0 23.0075 39.591232413 62.5987321079
47000 22.5616989673 1.37609117107 0.0 0.0 0.0 0.0 0.0 0.0 23.0075 39.5974581071 62.6049578019
47100 22.5084478087 1.37609117107 0.0 0.0 0.0 0.0 0.0 0.0 23.0075 39.5944999173 62.6019996121
47200 22.4552958321 1.37609117107 0.0 0.0 0.0 0.0 0.0 0.0 23.0075 39.5911526281 62.598652323
47300 22.4022335006 1.37609117107 0.0 0.0 0.0 0.0 0.0 0.0 23.0075 39.5981488905 62.6056485853
47400 22.3492741658 1.37609117107 0.0 0.0 0.0 0.0 0.0 0.0 23.0075 39.5954825244 62.6029822192
47500 22.2964082909 1.37609117107 0.0 0.0 0.0 0.0 0.0 0.0 23.0075 39.592421337 62.5999210318
47600 22.2436396906 1.37609117107 0.0 0.0 0.0 0.0 0.0 0.0 23.0075 39.5894574241 62.596957119
47700 22.1909664575 1.37609117107 0.0 0.0 0.0 0.0 0.0 0.0 23.0075 39.5968427848 62.6043424796
47800 22.1383904989 1.37609117107 0.0 0.0 0.0 0.0 0.0 0.0 23.0075 39.594559795 62.6020594898
47900 22.085911815 1.37609117107 0.0 0.0 0.0 0.0 0.0 0.0 23.0075 39.5918857986 62.5993854934
48000 22.033526591 1.37609117107 0.0 0.0 0.0 0.0 0.0 0.0 23.0075 39.5893052621 62.5968049569
48100 21.9812405489 1.37609117107 0.0 0.0 0.0 0.0 0.0 0.0 23.0075 39.5970778137 62.6045775085
48200 21.9290479667 1.37609117107 0.0 0.0 0.0 0.0 0.0 0.0 23.0075 39.5951782002 62.602677895
48300 21.876952659 1.37609117107 0.0 0.0 0.0 0.0 0.0 0.0 23.0075 39.5928875801 62.6003872749
48400 21.8249527186 1.37609117107 0.0 0.0 0.0 0.0 0.0 0.0 23.0075 39.5906923272 62.598192022
48500 21.7730500528 1.37609117107 0.0 0.0 0.0 0.0 0.0 0.0 23.0075 39.5890826301 62.596582325
48600 21.7212446616 1.37609117107 0.0 0.0 0.0 0.0 0.0 0.0 23.0075 39.5973358327 62.6048355275
48700 21.6695346376 1.37609117107 0.0 0.0 0.0 0.0 0.0 0.0 23.0075 39.5954304962 62.602930191
48800 21.6179218882 1.37609117107 0.0 0.0 0.0 0.0 0.0 0.0 23.0075 39.5941107155 62.6016104103
48900 21.5664006913 1.37609117107 0.0 0.0 0.0 0.0 0.0 0.0 23.0075 39.5923942061 62.599893901
49000 21.5149786764 1.37609117107 0.0 0.0 0.0 0.0 0.0 0.0 23.0075 39.5907768787 62.5982765735
49100 21.463653936 1.37609117107 0.0 0.0 0.0 0.0 0.0 0.0 23.0075 39.5897451071 62.5972448019
49200 21.4124245629 1.37609117107 0.0 0.0 0.0 0.0 0.0 0.0 23.0075 39.5985743278 62.6060740226
49300 21.3612924644 1.37609117107 0.0 0.0 0.0 0.0 0.0 0.0 23.0075 39.5972469167 62.6047466116
49400 21.3102557331 1.37609117107 0.0 0.0 0.0 0.0 0.0 0.0 23.0075 39.5960148729 62.6035145678
49500 21.2593143691 1.37609117107 0.0 0.0 0.0 0.0 0.0 0.0 23.0075 39.5953664776 62.6028661725
49600 21.208472187 1.37609117107 0.0 0.0 0.0 0.0 0.0 0.0 23.0075 39.594328983 62.6018286779
49700 21.1577234647 1.37609117107 0.0 0.0 0.0 0.0 0.0 0.0 23.0075 39.5938732295 62.6013729244
49800 21.1070720171 1.37609117107 0.0 0.0 0.0 0.0 0.0 0.0 23.0075 39.5930264694 62.6005261642
49900 21.056517844 1.37609117107 0.0 0.0 0.0 0.0 0.0 0.0 23.0075 39.5922769838 62.5997766787
50000 21.0060571308 1.37609117107 0.0 0.0 0.0 0.0 0.0 0.0 23.0075 39.5921092394 62.5996089342
